%YAML:1.0
---
Topic: "/camera/image_color"
Camera_Matrix: !!opencv-matrix
   rows: 3
   cols: 3
   dt: d
   data: [ 3.2804590995063145e+03, 0., 1.7114821106008048e+03, 0.,
       3.2922513808488702e+03, 1.5102827737530672e+03, 0., 0., 1. ]
Distortion_Coefficients: !!opencv-matrix
   rows: 1
   cols: 5
   dt: d
   data: [ -1.6808745142290565e-01, 1.4822065370004972e-01,
       4.5216204666395374e-03, 1.2071351593942686e-03,
       3.9637280456063734e-03 ]
image_Width: 3376
image_Height: 2704
